I barcode Non trovati IN DB sono 2792
Essi sono: 
9200000092291
9200000092307
9200000092314
9200000095650
9200000092321
9200000092338
9200000092345
9200000092352
9200000092369
9200000095414
9200000092475
9200000096923
9200000096947
9200000096961
9200000096978
9200000096985
9200000097302
9200000097319
9200000097326
9200000097333
9200000097340
9200000097470
9200000097814
9200000097821
9200000097838
9200000097845
9200000097852
9200000097869
9200000097876
9200000097890
9200000097906
9200000098156
9200000098170
9200000098187
9200000098385
9200000098392
9200000098408
9200000098415
9200000098439
9200000098446
9200000098453
9200000099832
9200000099894
9200000099924
9200000099993
9200000102297
9200000102310
9200000102334
9200000102341
9210000328481
9200000102969
9200000102990
9200000103003
nan
nan
9200000161638
9200000161645
9200000161652
9200000161669
9200000161676
9200000161683
9200000161690
9200000161706
9200000161713
9200000161720
9190000015065
9190000015072
9190000015096
9190000015119
9190000015157
9190000015164
9190000015171
9190000032277
9190000032284
9190000032291
9190000032307
9190000032314
9190000032321
9190000032338
9190000032345
9190000032352
9190000032369
9190000032383
9190000033007
9190000033014
9190000033021
9190000033038
9190000033045
9190000033052
9190000033069
9190000033076
9190000033083
9190000033090
9190000033113
9190000033120
9190000033137
9190000033144
9190000033151
9190000033168
9190000033175
9190000033182
9190000033199
9190000033205
9190000038972
9190000038989
9190000038996
9190000039009
9190000039016
9190000039023
9190000039030
9190000039047
9190000039085
9190000039092
9190000039108
9190000039115
9190000039122
9190000039139
9190000039146
9190000039153
9190000039290
9190000039306
9190000039313
9190000039320
9190000039344
9190000039351
9190000039368
9190000039382
9190000039399
9190000039412
9190000039429
9190000039436
9190000039443
nan
nan
nan
9190000039566
9190000039573
9190000039597
9190000039603
9190000039610
9190000039627
9190000039634
nan
9190000056624
9190000056631
9190000056648
9190000056655
9190000056662
9190000056679
9190000056686
9190000056693
9190000060577
9190000060584
9190000060591
9190000060607
9190000060614
9190000060621
9190000060645
9190000060652
9190000060669
9200000071517
9200000069590
9200000069606
9200000069613
9200000069620
9200000069637
9200000069644
9200000069651
9200000069668
9200000069675
9200000069682
9200000069699
9200000069705
9200000069712
9200000069729
9200000069736
9200000069750
9200000069767
9200000069774
9200000069798
9200000069804
9200000069811
9200000069828
9200000069835
9200000069842
9200000069859
9200000069866
9200000069873
9200000069897
9200000069910
9200000069927
9200000069934
9200000069941
9200000069958
9200000069965
9200000069972
9200000069989
9200000069996
9200000070008
9200000070015
9200000070022
9200000070039
9200000070046
9200000070053
9200000070244
9200000070275
9200000070282
9200000070299
9200000070305
9200000070312
nan
nan
9200000070978
9200000070985
9200000070992
9200000071012
9200000071029
9200000071036
9200000071043
9200000071050
9200000071067
9200000071074
9200000071081
9200000071098
9200000071111
9200000088959
9200000088966
9200000088973
9200000088980
9200000088997
9200000089000
9200000089017
9200000089024
9200000089031
9200000089048
9200000089055
9200000089062
9200000089079
9200000118915
9200000118922
9200000118939
9200000118946
9200000118953
9200000118960
9200000118977
9200000118984
9200000118991
9200000119004
9200000119011
9200000119028
9200000119981
9200000119998
9200000120000
9200000120017
9200000120024
9200000120031
9200000120048
9200000120055
9200000120062
9200000120079
9200000120086
9200000120093
9200000129744
9200000129751
9200000129768
9200000129775
9200000129782
9200000129799
9200000129805
9200000129812
9200000129829
9200000129836
9200000129843
9200000129850
9200000129867
9200000129874
9190000054491
9190000054507
9190000054514
9190000054521
2001370024194
2001370024195
2001370024196
2001370024197
2001370024198
2001370024199
2001370024200
2001370024360
2001370024361
2001370024362
2001370024363
2001370024364
2001370025530
2001370025531
2001370025532
2001370025533
2001370025534
2001370025535
2001370025536
2001370025537
2001370025813
2001370025522
2001370025523
2001370025524
2001370025525
2001370025526
2001370025527
2001370025528
2001370025529
2001370025814
2001370025669
2001370025670
2001370025671
2001370025672
2001370025673
2001370025674
2001370025675
2001370025676
2001370025677
2001370025678
2001370027044
2001370027045
2001370027046
2001370027047
2001370027048
2001370027049
2001370027050
2001370027051
2001370027052
2001370027901
2001370027902
2001370027903
2001370027904
2001370027905
2001370027906
2001370027907
2001370027908
2001370027909
nan
2001370027912
2001370027913
2001370027914
2001370027915
2001370027916
2001370027917
2001370027918
2001370027919
2001370024140
2001370024141
2001370024142
2001370024143
2001370024144
2001370024145
2001370024146
2001370024147
2001370024148
2001370024149
2001370024150
9200000098743
9200000098958
9200000098996
9200000099009
9200000099016
9200000099023
9200000099030
9200000099603
9200000099610
9200000099627
9200000099634
9200000099849
9200000099856
9200000099863
9200000099870
9200000099887
9200000100132
9200000100149
9200000100156
9200000100170
9200000100460
9200000100477
9200000100484
9200000100521
9200000100668
9200000100736
9210000328436
2001370020590
2001370020591
2001370020592
2001370020593
2001370020594
2001370020595
2001370020596
2001370020597
2001370020805
2001370020806
2001370020807
2001370020808
2001370020591
2001370020591
2001370019925
2001370019926
2001370019927
2001370019928
2001370019929
2001370019938
2001370020012
2001370020013
2001370020072
2001370020073
9200000087051
9200000087068
9200000087075
9200000087082
9200000087099
9200000087105
9200000082674
9200000082681
9200000082698
9200000082704
9200000082711
9200000082728
9200000082735
2004150010696
2004150010697
2004150010698
2004150010699
2004150010700
2004150010701
2004150010702
2004150010703
2004150010704
2004150010705
9200000208463
9200000208470
9200000208487
9200000208494
9200000208500
9200000208517
9200000208524
9200000208531
9200000208548
9210000225636
2004150009462
2004150009463
2004150009464
2004150009465
2004150009466
2004150009467
2004150009468
2004150009469
2004150009470
2004150009471
2004150009472
2004150009473
2004150011252
2004150011253
2004150011254
2004150011255
2004150011256
2004150011257
2004150011258
2004150011259
2004150011260
2004150011266
2004150011267
2004150009480
2004150009481
2004150009482
2004150009483
2004150009484
2004150009485
2004150009474
2004150009475
2004150009476
2004150009477
2004150009478
2004150009479
2004150011235
2004150011236
2004150011237
2004150011238
2004150011239
2004150011240
2004150011241
2004150011242
2004150011243
2004150011244
2004150011245
2004150011246
2004150011247
2004150011248
2004150009420
2004150009421
2004150009422
2004150009423
2004150009424
2004150009425
2004150009414
2004150009415
2004150009416
2004150009417
2004150009418
2004150009419
2004150009444
2004150009445
2004150009446
2004150009447
2004150009448
2004150009449
2004150009438
2004150009439
2004150009440
2004150009441
2004150009442
2004150009443
2004150009812
2004150009813
2004150009814
2004150009815
2004150009816
2004150009817
2004150009806
2004150009807
2004150009808
2004150009809
2004150009810
2004150009811
2004150009827
2004150009828
2004150009829
2004150009818
2004150009819
2004150009820
2004150009821
2004150009822
2004150009823
2004150009824
2004150009825
2004150009826
9210000224653
9210000224660
9210000224677
9210000224684
9210000224691
9210000224707
9210000224714
9210000224721
9210000224738
9210000224745
2004150009456
2004150009457
2004150009458
2004150009459
2004150009460
2004150009461
2004150009450
2004150009451
2004150009452
2004150009453
2004150009454
2004150009455
2004150009432
2004150009433
2004150009434
2004150009435
2004150009436
2004150009437
2004150009426
2004150009427
2004150009428
2004150009429
2004150009430
2004150009431
2004150010932
2004150010933
2004150010934
2004150010935
2004150010936
2004150010937
2004150010938
2004150010925
2004150010926
2004150010927
2004150010928
2004150010929
2004150010930
2004150010931
2004150010939
9210000224196
9210000224202
9210000224219
9210000224226
9210000224233
9210000224240
9210000224257
9210000224264
9210000226060
9210000226077
9210000226084
9210000226091
9210000226107
9210000226114
9210000226121
9210000226138
9210000226145
9200000206292
9200000206308
9200000206315
9200000206322
9200000206339
9210000223335
9200000123230
9200000123247
9200000123254
9200000123261
9200000123278
9200000123285
9200000123292
9200000123308
9210000226626
9210000226633
9200000123681
9200000123698
9200000123704
9200000123711
9200000123728
9200000123735
9200000123742
9200000123759
9210000226602
9210000226619
9200000123506
9200000123513
9200000123520
9200000123537
9200000123544
9200000123551
9200000123568
9200000123575
9210000226640
9210000226657
9200000123599
9200000123605
9200000123612
9200000123629
9200000123636
9200000123643
9200000123650
9200000123667
9210000226794
9210000226800
9210000233921
9210000233938
9210000224851
9210000224868
9210000224875
9210000224882
9210000224899
9210000224905
9210000224912
9210000224929
9210000224936
9210000224943
2004150004462
2004150004463
2004150004464
2004150004473
2004150004474
2004150004475
2004150004476
2004150004458
2004150004459
2004150004460
2004150004461
2004150004481
2004150004482
2004150004483
2004150004484
2004150004497
2004150004498
2004150004499
2004150004500
2004150004477
2004150004478
2004150004479
2004150004480
2004150004469
2004150004470
2004150004471
2004150004472
2004150004446
2004150004447
2004150004448
2004150004449
2001370020379
2001370020380
2004150014154
2004150014161
9210000229276
9210000229283
9210000229290
9210000229306
9210000229313
9210000229320
9210000229337
9210000229344
9210000229351
9210000229368
9210000229375
9210000229382
9210000242800
2001370023948
2001370023949
2001370028434
2001370028435
2001370021946
2001370021947
2001370021956
2001370021957
2001370021954
2001370021955
2004150013260
2001370021952
2001370021953
2001370021948
2001370021949
2004150013289
2001370022756
2001370022757
2001370021929
2001370021930
2004150019178
2004150019179
2001370021935
2001370021936
9210000229023
9210000229030
9210000229047
9210000229054
9210000229061
9210000229078
9210000229085
9210000229092
9210000229108
9210000229115
9210000229122
9210000229139
2001370020059
2004150000335
2004150000336
2004150000337
2004150010889
2004150010888
2004150011112
2001370021928
2001370021962
2001370021937
2001370021938
2004150019186
2004150019187
9210000229399
9210000229405
9210000229412
9210000229429
9210000229436
9210000229443
9210000229450
9210000229467
9210000229474
9210000229481
9210000229498
9210000229504
9210000246204
9210000229153
9210000229160
9210000229177
9210000229184
9210000229191
9210000229207
9210000229214
9210000229221
9210000229238
9210000229245
9210000229252
9210000229269
9200000100057
9200000100071
9200000098460
9200000098477
9200000098484
2004150016864
2004150016865
2004150016866
2004150016867
2004150016868
2004150016869
2004150016870
2004150016871
2004150016926
2004150016927
2001370020110
2001370020111
2001370020112
2001370020113
2001370020114
2001370020115
2001370020116
2001370020117
2004150008968
2004150008969
2004150008970
2004150008971
2004150008972
2004150008973
2004150008974
2004150008975
2004150008976
2004150008977
2004150008673
2004150008674
2004150008675
2004150008676
2004150008677
2004150008678
2004150008679
2004150008680
2004150008681
2004150008682
2004150008695
2004150008696
2004150008697
2004150008698
2004150008699
2004150008772
2004150008773
2004150008774
2004150008775
2004150008776
2004150008777
2004960001210
2004960001211
2004960001212
2001370022245
2001370022246
2001370022247
2001370022248
2001370022249
2001370022250
2001370022251
2001370022252
2001370022253
2001370022254
2001370022255
2001370022256
2001370022257
2001370022327
2001370022328
2001370022329
2001370022359
2001370022360
2001370022361
2001370022362
2001370022363
2001370022364
2001370022365
2001370022366
2001370021407
2001370021408
2001370021409
2001370021410
2001370021411
2001370021412
2001370021413
2001370021414
2001370021415
2001370021463
2004150019349
2004150019350
2004150019351
2004150019469
2004150019470
2004150019471
2004150019472
2004150019473
2004150019474
2004150019478
2004150019479
2004150019480
2004150019481
nan
nan
2004150018889
2004150018890
2004150018891
2004150018892
2004150018893
2004150018894
2004150018895
2004150018896
2004150018897
2004150018898
2004150018899
2004150018900
2004150018901
2004150018902
2004150018903
2004150018904
2004150018905
2004150018906
2004150018907
2004150018908
2004150018948
2004150018949
2004150018950
2004150018951
2004150018952
2004150018953
2004150018954
2004150018955
2004150018956
2004150018957
nan
2001370025687
2001370025688
2001370025689
2001370025690
2001370025875
2001370025876
2001370025877
2001370025878
2001370025879
2001370026029
2001370026030
2001370026031
2001370026032
2001370026033
2001370025691
2001370025692
2001370025693
2001370025694
2001370025880
2001370025881
2001370025882
2001370025883
2001370025884
2001370026024
2001370026025
2001370026026
2001370026027
2001370026028
2001370025695
2001370025696
2001370025697
2001370025698
2001370025885
2001370025886
2001370025887
2001370025888
2001370025889
2001370026019
2001370026020
2001370026021
2001370026022
2001370026023
nan
nan
nan
nan
2004150012522
2004150012523
2004150012524
2004150012525
2004150012526
2004150019804
2004150012304
2004150012305
2004150012306
2004150012315
2004150012316
2004150019805
9200000151929
9200000101153
9200000101160
9200000101177
9210000265120
9210000265137
9210000265144
9210000265151
9210000265168
9210000265175
9210000265182
9210000265199
9210000265205
9210000265212
9210000265229
9210000265236
9210000265243
9210000265250
9210000265267
9210000265274
9210000265281
9210000265298
9210000265304
9210000265311
9210000265328
9210000265335
9210000265342
9210000265359
9200000098194
9200000098200
9200000098248
9200000098255
9210000267612
9210000267629
9210000267636
9210000270513
9210000270520
9210000270537
9210000270544
9210000270551
9210000270568
9210000270575
9210000270582
9200000103164
9200000103171
9200000103188
9200000103195
9200000103201
9200000103218
9200000103225
9200000103232
9210000281793
9210000281809
9210000281816
9210000281823
9210000281830
9210000281847
9210000281854
9210000281861
9210000281878
9210000281885
9210000281892
9210000281908
9210000276461
9210000276478
9210000276485
9210000276492
9210000276508
9210000276515
9210000276522
9210000276539
9210000276546
9210000276553
9210000276560
9210000276614
9210000282752
9210000282769
9210000282776
9210000282783
9210000282790
9210000282806
9210000282813
9210000282820
9210000288938
9210000288945
9210000288952
9210000288969
9210000288976
9210000288983
9210000288990
9210000289003
9210000289010
9210000289027
9210000285166
9210000285173
9210000285180
9210000285197
9210000285203
9210000285210
9210000285227
9210000298487
9210000298494
9210000298500
9210000298517
9210000298524
9210000298531
9210000298548
9210000298555
9210000298562
9210000298579
9210000299996
9210000300005
9210000300012
9210000300029
9210000300036
9210000300043
9210000300050
9210000300067
9210000300074
9210000300081
9210000300098
9210000300104
2004150004436
2004150004438
2004150004439
2004150004445
9210000265373
9210000265380
9210000265397
9210000265403
9210000265410
9210000265427
9210000265434
9210000265441
9210000265458
9210000265465
9210000265472
9210000265489
9210000265496
9210000265502
9210000265519
9210000265526
9210000303624
9210000303631
9210000303648
9210000303655
9210000303662
9210000303679
9210000303686
9210000303693
9210000303709
9210000303716
9210000303723
9210000304218
9210000304225
9210000304232
9210000307295
9210000307301
9210000307318
9210000307325
9210000307332
9210000307349
9210000307356
9210000307363
9210000307370
9210000307387
9210000307493
9210000307509
9210000307516
9210000307523
9210000307530
9210000307547
9210000307554
9210000307561
9210000307578
9210000307585
9210000327422
9210000327439
9210000327446
9210000327453
9210000327460
9210000327477
9210000327484
9210000327491
9210000327507
9210000327514
9210000328207
9210000328214
9210000328221
9210000328238
9210000328511
9210000328528
9210000328535
9210000328542
9210000331528
9210000331535
9220000517877
9220000517884
9210000331412
9210000329761
9210000329785
9210000329792
9210000329808
9210000330057
9210000330064
9210000330088
9210000330095
9210000330101
9210000330118
9210000330125
9210000330132
9210000330149
9210000330156
9210000335489
9210000335519
9210000336202
9210000336233
9210000334833
9210000334864
9210000335847
9210000335878
9210000334895
9210000334925
9210000335724
9210000335755
9210000336998
9210000337001
9210000337018
9210000337025
9210000337032
9210000337049
9210000337056
9210000337063
9210000337070
9210000337087
9210000337094
9210000337100
9210000337124
9210000337131
9210000337148
9210000337155
9210000337162
9210000337179
9210000337186
9210000337193
9210000337209
9210000337216
9210000337230
9210000336028
9210000336059
9210000354497
9210000354503
9210000354510
9210000354527
9210000354541
9210000354558
9210000354572
9210000350475
9210000350505
9210000350550
9210000355845
9210000345570
9210000345587
9210000345594
9210000345600
9210000345617
9210000345624
9210000345631
9210000345648
9210000345655
9210000345662
9210000347819
9210000347826
9210000347833
9210000347888
9210000347918
9210000347925
9210000348298
9210000374600
9210000374617
9210000374624
9210000374648
9210000374655
9210000374600
9220000397417
9220000397424
9220000397455
9220000397462
9220000397479
9220000397486
9220000397493
9220000397509
9220000397516
9220000397523
9220000397530
9220000397547
9220000517501
9220000517518
9210000336875
9210000336882
9210000336899
9210000336905
9210000336912
9210000336929
9210000336936
9210000336943
9210000336950
9210000336967
9210000336974
9210000336516
9210000336523
9210000336530
9210000336547
9210000336554
9210000336561
9210000336578
9210000336585
9210000336592
9210000336608
9210000336615
9210000355449
9210000355456
9210000355463
9210000355470
9210000355487
9210000355494
9210000353315
9210000353339
9210000353346
9210000353353
9210000353360
9210000353377
9210000353384
9210000353391
9210000353407
9210000353414
9220000388866
9220000388873
9220000388880
9220000388897
9220000388903
9220000388910
9220000388927
9220000388934
9220000388941
9220000388958
9220000388965
9220000388972
9220000387470
9220000387487
9220000387494
9220000387500
9220000387517
9220000387524
9220000387531
9220000387548
9220000387555
9220000387562
9220000387579
9210000330187
9210000330194
9210000330200
9210000330224
9210000330231
9210000330248
9210000330262
9210000330279
9220000389436
9220000389443
9220000389450
9220000389467
9220000389474
9220000389481
9220000389498
9220000389504
9220000389511
9210000354930
9210000354954
9210000354961
9210000354978
9220000388200
9220000388217
9220000388231
9220000388248
9220000388255
9220000388279
9220000388286
9220000388309
9220000388316
9220000400506
9220000400520
9220000400544
9220000400568
9220000400575
9220000400582
9220000409394
9220000440311
9220000440328
9220000442650
9220000389337
9220000389368
9220000389375
9220000389382
9220000401152
9220000401176
9220000401190
9210000340612
9220000396083
9210000340636
9210000340650
9210000340728
9210000341268
9210000341275
9210000341282
9210000341299
9210000341305
9210000341312
9210000341329
9210000341336
9210000341343
9210000341350
9210000341367
9210000341374
9220000387678
9220000387692
9210000354817
9220000397110
9220000397134
9220000397141
9220000397158
9220000397172
9220000418310
9220000418327
9220000418334
9220000418341
9220000399770
9220000399787
9220000399794
9220000399800
9220000399817
9220000399824
9220000399831
9220000399848
9220000399855
9220000399862
9220000399879
9210000374525
9210000374532
9210000374549
9210000374563
9210000374570
9220000398933
9220000398964
9220000398988
9220000398995
9220000399008
9220000399015
9220000399022
9220000399039
9220000399046
9220000399053
9220000400933
9220000400940
9220000400964
9220000400971
9220000400988
9220000400995
9220000401008
9220000401015
9220000401022
9220000401039
9210000341190
9210000341220
9220000415111
9220000415128
9220000415135
9220000415142
9220000415159
9220000415166
9220000415173
9220000415180
9220000415197
9220000415203
9220000415210
9220000415227
9220000418891
9220000418907
2004150005137
2004150005138
2004150005139
2004150005140
2004150005141
2004150005142
2004150005143
2004150005176
2004150005319
2004150005339
2004150005340
2004150005342
2004150005366
2004150005367
2004150005368
2004150005369
2004150005506
nan
9220000421464
9220000421471
9220000421488
9220000432019
9220000432026
9220000432033
9220000432057
9220000432088
9220000432101
9220000409622
9220000409660
9220000409684
9220000409875
9220000409882
9220000409899
9220000409912
9220000409936
9220000409943
9220000409950
9220000409967
9220000409974
9220000409981
9220000409998
9220000410024
9220000410048
9220000410055
9220000410062
9220000410079
9220000410086
9220000410093
9220000410109
9220000410116
9220000410123
9220000410130
9220000409516
9220000409523
9220000409530
9220000409547
9220000409554
9220000409561
9220000409578
9220000409592
9220000401305
9220000401336
9220000401343
9220000401381
9220000401398
9220000417702
9220000417719
9220000417726
9220000417733
9220000417757
9220000417764
9220000417771
9220000417788
9220000417795
9220000417801
9220000417818
9220000387333
9220000419874
9220000419881
9220000382307
9220000432132
9220000432156
9220000432194
9220000432200
9210000334642
9220000420092
9220000420108
9220000420115
9210000334512
9200000110032
9220000448676
9220000448690
9220000448706
9220000446801
9220000446818
9220000446825
9220000446849
9220000446863
9220000446870
9220000446887
9220000453373
9220000453403
9220000453427
9220000453489
9220000452338
9220000452345
9220000452352
9220000453878
9220000453885
9220000453892
9220000453908
9220000453915
9220000453922
9220000453953
9220000446658
9220000450136
9220000450150
9220000450167
9220000446924
9220000446979
9220000475702
9220000475719
9220000475726
9220000475733
9220000475740
9220000475757
9220000475764
9220000475771
9220000475788
9220000453557
9220000453601
9220000453632
9220000453649
9220000453656
9220000453663
9220000453670
9220000474668
9220000450198
9220000450204
9220000450211
9220000450242
9220000450273
9220000453199
9220000453205
9220000453212
9220000453229
9220000453243
9220000465741
9220000465758
9220000465765
9220000465772
9220000465789
9220000465796
9220000465802
9220000465819
9220000465826
9220000458996
9220000459009
9220000459023
9220000459030
9220000459047
9220000459054
9220000459085
9220000448911
9220000450303
9220000450310
9220000450327
9220000450389
9220000450433
9220000450440
9220000450464
9220000450495
9220000450501
9220000446702
9220000446719
9220000446733
9220000477942
9220000477959
9220000477973
9220000477997
9220000478000
9220000478017
2004150012970
2004150012971
2004150012972
2004150012973
2004150012974
2004150012975
2004150012976
2004150012977
2004150007550
2004150007551
2004150007578
2004150007598
2004150007872
2004150007894
2004150007584
2004150007634
2004150007635
2004150007636
2004150007637
9210000340155
9220000472367
9220000480485
9220000495144
9210000342050
9220000385094
9220000385179
9220000384332
9220000384349
9220000419898
9220000419904
9220000420047
9220000385773
9220000419942
9220000419959
9220000419966
9220000385995
9220000386039
9220000385025
9220000385049
9220000385056
9220000385063
9220000383052
9220000383069
9220000383090
9220000384042
9220000383977
9220000486951
9220000486968
9220000486999
9220000487019
9220000487040
9220000487057
9200000114160
9200000114177
9200000114184
9200000114191
2001370024723
2001370024704
2001370024706
2001370024708
2001370024711
2001370024714
2001370024715
2001370024720
9220000430411
9220000430428
9220000430435
9220000430442
9220000430459
9220000430541
9220000430558
9220000430565
9220000430572
9220000430589
9220000424557
9220000424564
9220000424571
9220000424588
9220000424595
9220000430909
9220000430916
9220000430923
9220000430930
9220000430947
9220000428142
9220000428159
9220000428166
9220000428173
9220000428180
9220000430077
9220000430084
9220000430091
9220000430107
9220000430114
9220000431203
9220000431210
9220000431227
9220000431234
9220000431241
9220000430008
9220000430015
9220000430022
9220000430039
9220000430046
9220000428326
9220000428333
9220000428340
9220000428357
9220000428364
9220000450990
9220000451003
9220000451010
9220000451027
9220000451034
9220000429408
9220000429415
9220000429422
9220000429439
9220000429446
9220000429873
9220000429880
9220000429897
9220000429903
9220000429910
9220000428203
9220000428210
9220000428227
9220000428234
9220000428241
9220000451119
9220000451126
9220000451133
9220000451140
9220000451157
9220000429750
9220000429767
9220000429774
9220000429781
9220000429798
9220000428029
9220000428036
9220000428043
9220000428050
9220000428067
9220000454448
9220000428449
9220000428456
9220000428463
9220000428470
9220000428487
9220000428920
9220000428937
9220000428944
9220000428951
9220000428968
9220000428081
9220000428098
9220000428104
9220000428111
9220000428128
9220000450013
9220000450020
9220000450037
9220000450044
9220000450051
9220000429040
9220000429057
9220000429064
9220000429071
9220000429088
9220000427961
9220000427978
9220000427985
9220000427992
9220000428005
9220000424434
9220000424441
9220000424458
9220000424465
9220000424472
9220000449833
9220000449840
9220000449857
9220000449864
9220000449871
9220000424373
9220000424380
9220000424397
9220000424403
9220000424410
9220000429101
9220000429118
9220000429125
9220000429132
9220000429149
9220000428265
9220000428272
9220000428289
9220000428296
9220000428302
9220000428562
9220000428579
9220000428586
9220000428593
9220000428609
9220000428869
9220000428876
9220000428883
9220000428890
9220000428906
9220000483509
9220000491979
9220000450754
9220000450761
9220000450778
9220000450785
9220000450792
9220000429811
9220000429828
9220000429835
9220000429842
9220000429859
9220000428685
9220000428692
9220000428708
9220000428715
9220000428722
9220000450570
9220000450587
9220000450594
9220000450600
9220000450617
9220000429934
9220000429941
9220000429958
9220000429965
9220000429972
9220000449895
9220000449901
9220000449918
9220000449925
9220000449932
9220000431142
9220000431159
9220000431166
9220000431173
9220000431180
9220000429163
9220000429170
9220000429187
9220000429194
9220000429200
9220000431531
9220000431548
9220000431555
9220000431562
9220000431579
9220000431081
9220000431098
9220000431104
9220000431111
9220000431128
9220000431722
9220000431739
9220000431746
9220000431753
9220000431760
9220000431265
9220000431272
9220000431289
9220000431296
9220000431302
9220000450631
9220000450648
9220000450655
9220000450662
9220000450679
9220000454455
9220000428500
9220000428517
9220000428524
9220000428531
9220000428548
9220000428388
9220000428395
9220000428401
9220000428418
9220000428425
9220000429347
9220000429354
9220000429361
9220000429378
9220000429385
9220000428746
9220000428753
9220000428760
9220000428777
9220000428784
9220000430770
9220000430787
9220000430794
9220000430800
9220000430817
9220000430848
9220000430855
9220000430862
9220000430879
9220000430886
9220000431029
9220000431036
9220000431043
9220000431050
9220000431067
9220000429286
9220000429293
9220000429309
9220000429316
9220000429323
9230000569271
9230000577665
9220000430961
9220000430978
9220000430985
9220000430992
9220000431005
9220000424496
9220000424502
9220000424519
9220000424526
9220000424533
9220000437243
9220000437250
9220000437267
9220000437274
9220000437281
9220000424618
9220000424625
9220000424632
9220000424649
9220000424656
9220000428623
9220000428630
9220000428647
9220000428654
9220000428661
9220780000743
9220780000750
9220790000146
9220790000153
9220780000774
9220780000798
9220780000866
9220780000873
9220780000880
9220780000804
9220780000811
9220780000828
9220780000835
9220780000842
9220780000859
9220000518850
9220000495236
9220000505898
9220000506031
9220000506383
9220000506611
9220000506642
9220000514104
9220000507748
9220000515279
9220000515286
9220000515200
9220000515224
9230000557346
9230000557353
9220000522659
9220000522666
9220000522697
9220000522710
9220000522727
9220000522789
9220000522796
9220000522826
9220000522840
9220000522857
9220000515514
9220000515521
9220000516115
9220000516122
9220000516146
9220000516191
9220000505478
nan
nan
nan
nan
nan
9220000470806
9220000470813
9220000470820
9220000470837
9220000470844
9220000470066
9220000470073
9220000470080
9220000470097
9220000470103
9230000543349
9230000543356
9230000543363
9230000543370
9230000543387
9230000542984
9230000542991
9230000543004
9230000543011
9230000543028
9220000450938
9220000450945
9220000450952
9220000450969
9220000450976
9230000542748
9230000542755
9230000542762
9230000542779
9230000542786
9230000542922
9230000542939
9230000542946
9230000542953
9230000542960
9220000470127
9220000470134
9220000470141
9220000470158
9220000470165
9230000542564
9230000542571
9230000542588
9230000542595
9230000542601
9220000470486
9220000470493
9220000470509
9220000470516
9220000470523
9230000543646
9230000543653
9230000543660
9230000543677
9230000543684
9220000451058
9220000451065
9220000451072
9220000451089
9220000451096
9220000469992
9220000470004
9220000470011
9220000470028
9220000470035
9220000469510
9220000469527
9220000469534
9220000469541
9220000469558
9220000469633
9220000469640
9220000469657
9220000469664
9220000469671
9220000473104
9220000470684
9220000470691
9220000470707
9220000470714
9220000470721
9220000470301
9220000470318
9220000470325
9220000470332
9220000470349
9230000542687
9230000542694
9230000542700
9230000542717
9230000542724
9220000470424
9220000470431
9220000470448
9220000470455
9220000470462
9220000483387
9220000483394
9220000483400
9220000483417
9230000542502
9230000542519
9230000542526
9230000542533
9230000542540
9220000470363
9220000470370
9220000470387
9220000470394
9220000470400
9220000469879
9220000469886
9220000469893
9220000469909
9220000469916
9230000543585
9230000543592
9230000543608
9230000543615
9230000543622
9230000543523
9230000543530
9230000543547
9230000543554
9230000543561
9220000450815
9220000450822
9220000450839
9220000450846
9220000450853
9230000542625
9230000542632
9230000542649
9230000542656
9230000542663
9230000543462
9230000543479
9230000543486
9230000543493
9230000543509
9230000543400
9230000543417
9230000543424
9230000543431
9230000543448
9230000543288
9230000543295
9230000543301
9230000543318
9230000543325
9230000543042
9230000543059
9230000543066
9230000543073
9230000543080
9230000543165
9230000543172
9230000543189
9230000543196
9230000543202
9230000543226
9230000543233
9230000543240
9230000543257
9230000543264
9230000542809
9230000542816
9230000542823
9230000542830
9230000542847
9220000469459
9220000469466
9220000469473
9220000469480
9220000469497
9220000469695
9220000469701
9220000469718
9220000469725
9220000469732
9230000542861
9230000542878
9230000542885
9230000542892
9230000542908
9220000469756
9220000469763
9220000469770
9220000469787
9220000469794
9220000431463
9220000431470
9220000431487
9220000431494
9220000431500
9220000470745
9220000470752
9220000470769
9220000470776
9220000470783
9220000470554
9220000470561
9220000470578
9220000470585
9220000470592
9220000518614
9220000518720
9230000542403
9230000542489
9230000540898
9210000369330
9210000369347
9210000371371
9210000374600
9210000374617
9210000374624
9210000374648
9210000374655
9220000397417
9220000397424
9220000397455
9220000397462
9220000397479
9220000397486
9220000397493
9220000397509
9220000397516
9220000397523
9220000397530
9220000397547
9220000517501
9220000517518
9220000378263
9220000378270
9220000378287
9220000378294
9220000378300
9220000378324
9220000387890
9220000387906
9220000387913
9220000387920
9220000387937
9220000387951
9220000387968
9220000387982
9220000387999
9220000388002
9220000388019
9220000400605
9220000426735
9220000509995
9220000388200
9220000388217
9220000388231
9220000388248
9220000388255
9220000388279
9220000388286
9220000388309
9220000388316
9220000400506
9220000400520
9220000400544
9220000400568
9220000400575
9220000400582
9220000409394
9220000440311
9220000440328
9220000442650
9220000389436
9220000389443
9220000389450
9220000389467
9220000389474
9220000389481
9220000389498
9220000389504
9220000389511
9220000418808
9220000418815
9220000418822
9220000418839
9220000418846
9220000418853
9220000418877
9200000098750
9200000098767
9200000098774
9200000084326
9200000092161
9220000472374
9200000100316
9200000100330
9200000100422
9200000100491
9220000517877
9220000517884
9200000100903
9200000100910
9200000101146
9200000101245
9200000101276
9200000103256
9200000103270
9200000103287
9200000103294
9200000103300
9200000103317
9200000096831
9200000096848
9200000096862
9200000097067
9200000097562
9200000097593
9200000097616
9200000097623
9200000097630
9200000097647
9200000097654
9200000097661
9200000097678
9200000097760
9200000098019
9200000098026
9200000098033
9200000098064
9210000328436
9220000446450
9220000446498
9200000101405
9200000101429
9200000101436
9200000101443
9200000103324
9200000103331
9200000103348
9200000103362
9210000336516
9210000336523
9210000336530
9210000336547
9210000336554
9210000336561
9210000336578
9210000336585
9210000336592
9210000336608
9210000336615
9220000419577
9220000419591
9220000419607
9220000419614
9220000419621
9220000419638
9220000419645
9220000419652
9220000419669
9220000419676
9220000419683
9220000419690
9220000419706
9220000419713
9220000518461
9220000518485
9220000516238
9220000516252
9220000516269
9220000516276
9220000516313
9220000516320
9220000518379
9220000505683
9220000505690
9220000505720
9220000505737
9220000505782
9220000505799
9230000533531
9230000533548
9230000533555
9230000533562
9230000533593
9230000533609
9230000533616
9230000533623
9230000533630
9230000533647
9220820000016
9220820000092
9220820000139
9220820000146
9220820000153
9220820000160
9220000515606
9220000515620
9220000515682
9220000515699
9220000515743
9220000515750
9220000515767
9220000515811
9220000515828
9230000564740
9230000565402
9230000565419
9230000565426
9230000565433
9230000565440
9230000565457
9230000565464
9230000565471
9230000565488
9230000565495
9230000565501
9230000565518
nan
9200000102679
9220000417962
9220000417979
9220000417986
9220000417993
9220000418006
9220000418013
9220000418037
9220000418044
9220000418051
9220000418068
9220000418075
9210000340957
9210000340971
9210000340995
9210000341008
9210000341022
9210000341039
9210000341046
9210000341060
9210000341077
9210000341084
9210000341091
9210000341107
9220000389078
9220000389085
9220000389092
9220000389108
9220000389115
9220000389122
9220000389139
9220000389146
9220000419461
9220000419478
9230000540775
9230000540782
9230000540805
9230000540867
9230000551924
9200000108237
9200000108244
9200000108251
9200000108268
9200000108275
9200000108282
9200000108299
9200000108305
9200000108312
9200000108329
9220000499357
9220000499364
9220000499371
9220000499388
9200000103775
9200000103782
9200000103799
9200000103805
9200000103812
9200000103829
9200000103836
9200000189946
9200000189953
9200000189977
9200000189984
9210000299057
9220000521904
9220000521911
9220000521928
9220000521935
9220000521942
9220000521959
9220000521966
9220000521973
9220000521980
9220000521997
9230000557131
9230000557148
9230000557155
9230000557162
9230000557179
9230000557186
9230000557193
9230000557209
9230000557223
9230000557230
9230000557247
9230000557254
9230000557261
9230000557278
9230000557285
9230000557292
9230000557308
9230000557315
9230000557322
2001370024622
2001370024621
2001370024620
2001370024618
2001370024617
2001370024616
2001370024615
2001370024614
2001370024613
2001370024609
2001370024608
2001370024605
9230000578549
9230000578556
9230000578563
9230000578570
9230000578587
9230000578594
9230000578600
9230000578617
9230000578624
9230000578631
9200000078462
9200000125746
9200000125753
9200000125777
9200000125784
9200000082025
9200000082032
9200000082049
9200000125838
9200000125845
9200000125852
9200000125876
9200000135264
9200000125579
9200000135271
9200000135288
9200000135295
9200000163083
9200000163090
9200000163106
9200000167609
9200000081950
9200000125890
9200000125906
9200000163113
9200000163120
9200000163137
9200000125913
9200000125920
9200000125937
9200000125944
9200000083787
9200000081875
9200000135349
9200000135356
9200000125999
9200000126125
9200000126149
9200000163786
9200000128556
9200000128570
9200000163793
9210000226428
9200000126156
9200000126163
9200000126170
9200000126187
9200000126194
9200000126200
9230000544216
9200000126217
9200000126224
9200000126231
9200000126255
9200000126279
9200000126286
9200000126293
9200000126316
9200000082193
9200000126330
9200000126347
9200000126354
9200000126361
9200000126378
9200000126385
9200000082193
9200000126392
9200000126415
9200000083374
9200000126422
9200000126439
9230000544223
9230000544230
9230000544247
9200000126446
9200000126453
9200000083398
9200000126460
9200000126477
9200000200344
9230000544254
9230000544261
9230000544278
9200000126484
9200000126491
9200000126538
9200000126545
9200000126552
9200000082339
9200000126569
9200000126576
9200000126583
9200000126590
9200000126606
9200000082285
9200000126613
9200000126620
9200000126637
9200000126644
9200000126668
9200000126675
9200000126699
9200000126705
9200000115471
9200000126729
9200000126736
9200000126767
9200000126774
9200000115488
9200000126798
9200000126804
9200000126811
9200000126835
9200000126989
9200000164592
9200000082506
9200000127009
9200000127016
9200000116003
9200000116027
9200000116034
9200000116041
9200000116058
9200000116065
9200000116072
9200000116089
9200000116096
9200000116102
9200000164615
9200000164622
9200000115761
9200000127146
9200000127221
9200000127238
9200000127245
9200000163526
9200000163533
9200000163540
9200000172344
9200000186587
9200000163496
9200000163502
9200000172306
9200000172313
9200000172320
9200000172276
9200000172245
9200000172269
9200000163625
9200000172351
9200000172368
9200000172375
9200000172382
9200000172399
9200000172405
9200000172412
9200000163649
9200000163656
9200000163663
9200000172429
9200000172436
9200000172443
9200000172450
9200000172467
9200000172474
9200000172498
9200000172504
9200000172511
9200000172528
9200000172535
9200000172542
9200000172481
9200000172573
9200000172597
9200000172603
9200000163878
9200000163885
9200000163892
9200000163908
9200000163922
9200000186570
9230000544308
9200000163670
9200000172672
9200000172689
9200000172696
9200000172702
9200000163700
9200000163717
9200000172726
9230000544322
9200000163755
9200000163762
9200000172634
9210000329631
9200000172764
9200000172771
9200000172788
9230000544339
9200000172740
9200000172757
9230000544346
9200000162420
9200000172818
9200000162543
9200000162550
9200000162567
9200000167999
9200000172832
9200000172849
9200000172856
9200000172863
