I barcode trovati in DB sono 1910
Essi sono: 
9200000092277
9200000092284
9200000092468
9200000095667
9200000095674
9200000095681
9200000095698
9200000095704
9200000095711
9200000095728
9200000095735
9200000095742
9200000095759
9200000095766
9200000095773
9200000095780
9200000095797
9200000095803
9200000096381
9200000096398
9200000096404
9200000096411
9200000096428
9200000096626
9200000096633
9200000096640
9200000096657
9200000096664
9200000096671
9200000096688
9200000096879
9200000096886
9200000096893
9200000096909
9200000096916
9200000096930
9200000096954
9200000097166
9200000097173
9200000097180
9200000097197
9200000097203
9200000097210
9200000097227
9200000097357
9200000097364
9200000097371
9200000097388
9200000097395
9200000097401
9200000097418
9200000097425
9200000097432
9200000097449
9200000097456
9200000097463
9200000097487
9200000097494
9200000097500
9200000097517
9200000097524
9200000097531
9200000097548
9200000097685
9200000097692
9200000097708
9200000097715
9200000097722
9200000097739
9200000097746
9200000097883
9200000097913
9200000097920
9200000097937
9200000097944
9200000097951
9200000097968
9200000098132
9200000098149
9200000098163
9200000098262
9200000098279
9200000098286
9200000098293
9200000098309
9200000098316
9200000098323
9200000098330
9200000098347
9200000098354
9200000098361
9200000098378
9200000098422
9200000099764
9200000099771
9200000099788
9200000099795
9200000099801
9200000099818
9200000099825
9200000099900
9200000099917
9200000099931
9200000099948
9200000099955
9200000099962
9200000099979
9200000099986
9200000100002
9200000100019
9200000100026
9200000100033
9200000100040
9200000101849
9200000101856
9200000101863
9200000101870
9200000101887
9200000101894
9200000084005
9200000084012
9200000084029
9200000084036
9200000084043
9200000102259
9200000102266
9200000102273
9200000102280
9200000102303
9200000102327
9200000102358
9200000102365
9200000102372
9200000102389
9200000102396
9200000102402
9200000102471
9200000102488
9200000102495
9200000102501
9200000102518
9200000102525
9200000102884
9200000102891
9200000102907
9200000102914
9200000102921
9200000102938
9200000102945
9200000098729
9200000098736
9200000098965
9200000098972
9200000098989
9200000099580
9200000099597
9200000100125
9200000100163
9200000100187
9200000100538
9200000100545
9200000100637
9200000100644
9200000100651
9200000100675
9200000100682
9200000100729
9200000100743
9200000100842
9200000100859
9200000100866
9200000103584
9200000103591
9200000103607
9200000103614
9200000103621
9200000103638
9200000103645
9200000103652
9200000103669
9200000103676
9200000103683
9200000103690
9200000103706
9200000103713
9200000103720
9200000103737
9200000103744
9200000103751
9200000103768
9200000098071
9200000098088
9200000098095
9200000098101
9200000098118
9200000098125
9200000100064
9200000100088
9200000100095
9200000100101
9200000100118
9200000100934
9200000098217
9200000098224
9200000098231
9200000098835
9200000098842
9200000098859
9210000328252
9210000328269
9210000328276
9210000328283
9210000328290
9210000328306
9210000331450
9210000331467
9210000331474
9210000331481
9210000331498
9210000331504
9210000331511
9220000382345
9210000334413
9210000334420
9210000334437
9210000334444
9210000334451
9210000334468
9210000334475
9210000334482
9210000334499
9210000333157
9210000333164
9210000333171
9210000333188
9210000333195
9210000333201
9210000333218
9210000333225
9210000333232
9210000333249
9210000333256
9210000334147
9210000334154
9210000334161
9210000334178
9210000334185
9210000334192
9210000334208
9210000334352
9210000334369
9210000334376
9210000334383
9210000334390
9210000344610
9210000346775
9210000334291
9210000334307
9210000334314
9210000334321
9210000334338
9210000329846
9210000329853
9210000329860
9210000329877
9210000329884
9210000329891
9210000331177
9210000331184
9210000331191
9210000331207
9210000331214
9210000331221
9210000331238
9210000331245
9210000331252
9210000331269
9210000331276
9210000331283
9210000331290
9210000331306
9210000331313
9210000331320
9210000331337
9210000331344
9210000331351
9210000331368
9210000331375
9210000331382
9210000331399
9210000331405
9210000331429
9210000331436
9210000344962
9210000376277
9210000329754
9210000329778
9210000329815
9210000329822
9210000330071
9210000330163
9210000337223
9210000354534
9210000354565
9210000354589
9210000350468
9210000350482
9210000350499
9210000350512
9210000350529
9210000350536
9210000350543
9210000350567
9210000350574
9210000355852
9210000355869
9210000355876
9210000347840
9210000347857
9210000347864
9210000347871
9210000347895
9210000347901
9210000374594
9210000374631
9220000397431
9220000397448
9210000353308
9210000353322
9220000387586
9210000330217
9210000330255
9210000354909
9210000354916
9210000354923
9210000354947
9220000388194
9220000388224
9220000388262
9220000388293
9220000400513
9220000400537
9220000400551
9220000437984
9220000389320
9220000389344
9220000389351
9220000389399
9220000389405
9220000401169
9220000401183
9220000401206
9210000340506
9210000340513
9210000340520
9210000340537
9210000340544
9210000340551
9210000340568
9210000340575
9210000340582
9210000340599
9210000340605
9220000396076
9220000396113
9210000340643
9210000340667
9210000340674
9210000340681
9210000340698
9210000340704
9210000340711
9210000340735
9210000340742
9220000396052
9220000396069
9210000354824
9210000354831
9210000354848
9210000354855
9210000354862
9210000354879
9210000354886
9220000397127
9220000397165
9220000397189
9220000418303
9220000399886
9210000374518
9210000374556
9220000398940
9220000398957
9220000398971
9220000400957
9220000401046
9210000341138
9210000341145
9210000341152
9210000341169
9210000341176
9210000341183
9210000341206
9210000341213
9210000341237
9210000341244
9220000388705
9220000388712
9220000421457
9220000421495
9220000432002
9220000432040
9220000432064
9220000432071
9220000432095
9220000409639
9220000409646
9220000409653
9220000409677
9220000409691
9220000409707
9220000409714
9220000409905
9220000409929
9220000410017
9220000410031
9220000409585
9220000409608
9220000401312
9220000401329
9220000401350
9220000401367
9220000401374
9220000417740
9220000387302
9220000387319
9220000387326
9220000387340
9220000387357
9220000387364
9220000387371
9220000387388
9220000387166
9220000387173
9220000387180
9220000387197
9220000387203
9220000387210
9220000387227
9220000387234
9210000342265
9210000342272
9210000342289
9210000342296
9220000432125
9220000432149
9220000432163
9220000432170
9220000432187
9220000432217
9220000432224
9210000339531
9210000339548
9210000339555
9210000339562
9210000339579
9210000339586
9210000339593
9210000339609
9220000382314
9220000382321
9220000386398
9210000334659
9210000334666
9210000334673
9210000334680
9210000334697
9210000334703
9210000334710
9210000334727
9210000334734
9210000334741
9210000334758
9210000334529
9210000334536
9210000334543
9210000334550
9210000334567
9210000334574
9210000334581
9210000334598
9210000334604
9210000334611
9210000334628
9220000394324
9200000110025
9200000110049
9200000110056
9200000110063
9200000110070
9200000110087
9200000110094
9200000110100
9210000342319
9210000342326
9210000342333
9210000342340
9210000342357
9210000342364
9210000342371
9210000342388
9220000448669
9220000448683
9220000448713
9220000448720
9220000448577
9220000448584
9220000448591
9220000448607
9220000448614
9220000448621
9220000448638
9220000448645
9220000446832
9220000446856
9220000446894
9220000453380
9220000453397
9220000453410
9220000453434
9220000453441
9220000453458
9220000453465
9220000453472
9220000453496
9220000453861
9220000453939
9220000453946
9220000446573
9220000446580
9220000446597
9220000446603
9220000446610
9220000446627
9220000446634
9220000446641
9220000446665
9220000446672
9220000450099
9220000450105
9220000450112
9220000450129
9220000450143
9220000450174
9220000446917
9220000446931
9220000446948
9220000446955
9220000446962
9220000446986
9220000446993
9220000447006
9220000453564
9220000453571
9220000453588
9220000453595
9220000453618
9220000453625
9220000453687
9220000474651
9220000450228
9220000450235
9220000450259
9220000450266
9220000450280
9220000453182
9220000453236
9220000453250
9220000453267
9220000453274
9220000453281
9220000453298
9220000453304
9220000447020
9220000447037
9220000447044
9220000447051
9220000447068
9220000447075
9220000447082
9220000447099
9220000447105
9220000447112
9220000459016
9220000459061
9220000459078
9220000448874
9220000448881
9220000448898
9220000448904
9220000448928
9220000448935
9220000448942
9220000448959
9220000450334
9220000450341
9220000450358
9220000450365
9220000450372
9220000450396
9220000450419
9220000450426
9220000450457
9220000450471
9220000450488
9220000446696
9220000446726
9220000446740
9220000446757
9220000446764
9220000446771
9220000446788
9220000479649
9220000479656
9220000479663
9220000479670
9220000479687
9220000479694
9220000479700
9220000479717
9220000479724
9220000479731
9220000478161
9220000478178
9220000478185
9220000478192
9220000478208
9220000478215
9220000478222
9220000478239
9220000478246
9220000478253
9220000477966
9220000477980
9220000478024
9220000478031
9220000479304
9220000479311
9220000479328
9220000479335
9220000479342
9220000479359
9220000479366
9220000479373
9220000479380
9220000479397
9220000479403
9220000479410
9220000479427
9220000479434
9220000485985
9220000485992
9220000486005
9220000486012
9220000486029
9220000486036
9220000486043
9220000486050
9220000486067
9220000486074
9210000340063
9210000340070
9210000340087
9210000340094
9210000340100
9210000340117
9210000340124
9210000340131
9210000340148
9210000340162
9210000340179
9220000384530
9220000384547
9220000384554
9220000384561
9220000384578
9220000384585
9210000341909
9210000341916
9210000341923
9210000341930
9210000341947
9210000341954
9210000341978
9210000341985
9210000341992
9210000342005
9210000342012
9210000342029
9210000342043
9210000342067
9210000342074
9210000342081
9210000342098
9210000340186
9210000340193
9210000340209
9210000340216
9210000340223
9210000340230
9210000340247
9210000340254
9210000340261
9210000340278
9210000340285
9210000340292
9210000344955
9220000382604
9220000382611
9220000382628
9220000382635
9220000382642
9220000382659
9220000382666
9220000382703
9220000385100
9220000385117
9220000385124
9220000385131
9220000385148
9220000385155
9220000385162
9220000385186
9220000384356
9220000384363
9220000384370
9220000384387
9210000342111
9210000342128
9210000342135
9210000342142
9210000342159
9210000342166
9220000385223
9220000385230
9220000385247
9220000385254
9220000385261
9220000385285
9220000385292
9220000385308
9220000385315
9220000385322
9220000385339
9220000392504
9220000392511
9220000392528
9220000385353
9220000385360
9220000385377
9220000385384
9220000385391
9220000385407
9220000385414
9220000385438
9220000385445
9220000385452
9220000385469
9220000385476
9220000385490
9220000385506
9220000385513
9220000385520
9220000385537
9220000385551
9220000385568
9220000385575
9220000385582
9220000385599
9220000385605
9220000385629
9220000385636
9220000385643
9220000385650
9220000385667
9220000385674
9220000385681
9220000385698
9220000385704
9220000385711
9220000385728
9210000344986
9210000344993
9210000345006
9210000345013
9210000345020
9210000345037
9210000345044
9210000345051
9210000345068
9210000345075
9210000345082
9210000345099
9220000385872
9220000385889
9220000385896
9220000385902
9220000385919
9220000385926
9220000385933
9220000385940
9220000385957
9220000385964
9220000385971
9220000385742
9220000385759
9220000385766
9220000385780
9220000385797
9220000385803
9220000385810
9220000385827
9220000385834
9220000385841
9220000385858
9220000386008
9220000386015
9220000386022
9220000384400
9220000384417
9220000384424
9220000384431
9220000384448
9210000342463
9210000342470
9210000342487
9210000342494
9210000342500
9200000095360
9200000095377
9200000095384
9200000095391
9200000095407
9220000383458
9220000383465
9220000383472
9220000383489
9220000383496
9220000383502
9220000383519
9220000384998
9220000385001
9220000385018
9220000385032
9220000385070
9220000384905
9220000384912
9220000384929
9220000384936
9220000384943
9220000384950
9220000384967
9220000384974
9220000383342
9220000383359
9220000383366
9220000383373
9220000383380
9220000383397
9220000383403
9210000339982
9210000339999
9210000340001
9210000340018
9210000340025
9210000340032
9210000340049
9220000384806
9220000384813
9220000384820
9220000384837
9220000384844
9220000384851
9220000384868
9220000384875
9220000384882
9220000383137
9220000383144
9220000383151
9220000383168
9220000383175
9220000383182
9220000384738
9220000384745
9220000384752
9220000384769
9220000384776
9220000384783
9220000383076
9220000383083
9220000383106
9220000383649
9220000383656
9220000383663
9220000383670
9220000383687
9220000384462
9220000384479
9220000384486
9220000384493
9220000384509
9220000384516
9220000384059
9220000384066
9220000384073
9220000383984
9220000383991
9220000384004
9220000384011
9220000384028
9220000384097
9220000384103
9220000384110
9220000384127
9220000384134
9220000384141
9220000384158
9220000384172
9220000384189
9220000384196
9220000384202
9220000384219
9220000384226
9220000384233
9220000384257
9220000384264
9220000384271
9220000384288
9220000384295
9220000384301
9220000384318
9220000486975
9220000486982
9220000487002
9220000487026
9220000487033
2001370024705
9220000477812
9220000477829
9220000477836
9220000477843
9220000477850
9220000477867
9220000477874
9220000477881
9220000477898
9220000477904
9220000480409
9220000480416
9220000480423
9220000480430
9220000480447
9220000480454
9220000480461
9220000480478
9220000518867
9220000487286
9220000487293
9220000487309
9220000487316
9220000487323
9220000487330
9220000487347
9220000487354
9220000487361
9220000487378
9220000487385
9220000487392
9220000487408
9220000487415
9220000495212
9220000495229
9220000495243
9220000495250
9220000495267
9220000495274
9220000495281
9220000495298
9220000495304
9220000495311
9220000495328
9220000495335
9220000495342
9220000505812
9220000505829
9220000505836
9220000505843
9220000505850
9220000505867
9220000505874
9220000505881
9220000505904
9220000505911
9220000505928
9220000502477
9220000502484
9220000502491
9220000502507
9220000502514
9220000502521
9220000502538
9220000502545
9220000502552
9220000502569
9220000505942
9220000505959
9220000505966
9220000505973
9220000505980
9220000505997
9220000506000
9220000506017
9220000506024
9220000506253
9220000506260
9220000506277
9220000506284
9220000506291
9220000506307
9220000506314
9220000506321
9220000506338
9220000506345
9220000506352
9220000506369
9220000506376
9220000525094
9220000506406
9220000506413
9220000506420
9220000506437
9220000506444
9220000506451
9220000506468
9220000506475
9220000506482
9220000506499
9220000506505
9220000506512
9220000506529
9220000506536
9220000506550
9220000506567
9220000506574
9220000506581
9220000506598
9220000506604
9220000506628
9220000506635
9220000506659
9220000506666
9220000529412
9220000506680
9220000506697
9220000506703
9220000506710
9220000506727
9220000506734
9220000506741
9220000506758
9220000506765
9220000506772
9220000506789
9220000506796
9220000507038
9220000507045
9220000507052
9220000507069
9220000507076
9220000507083
9220000507090
9220000507106
9220000507113
9220000507120
9220000507144
9220000507151
9220000507168
9220000507175
9220000507182
9220000507199
9220000507205
9220000507212
9220000507229
9220000507236
9220000507243
9220000507250
9220000507793
9220000507809
9220000507816
9220000507823
9220000507830
9220000507847
9220000507854
9220000507861
9220000507878
9220000507885
9220000507892
9220000507908
9220000507915
9220000507922
9220000508325
9220000508332
9220000508349
9220000508356
9220000508363
9220000508370
9220000508387
9220000508394
9220000508400
9220000508417
9220000508424
9220000508431
9220000508585
9220000508592
9220000508608
9220000508615
9220000508622
9220000508639
9220000508646
9220000508653
9220000508660
9220000508677
9220000508684
9220000508691
9220000508714
9220000508721
9220000508738
9220000508745
9220000508752
9220000508769
9220000508776
9220000508783
9220000508790
9220000508806
9220000508813
9220000508820
9220000508837
9220000508851
9220000508868
9220000508875
9220000508882
9220000508899
9220000508905
9220000508912
9220000508929
9220000508936
9220000508943
9220000508950
9220000508967
9220000508981
9220000508998
9220000509001
9220000509018
9220000509025
9220000509032
9220000509049
9220000509056
9220000509063
9220000509070
9220000509087
9220000509094
9220000511059
9220000511066
9220000511073
9220000511080
9220000511097
9220000511103
9220000511110
9220000511127
9220000511134
9220000511141
9220000511158
9220000511165
9220000512087
9220000512094
9220000512100
9220000513800
9220000513817
9220000513824
9220000513831
9220000513848
9220000513855
9220000513862
9220000513879
9220000513886
9220000513893
9220000513909
9220000513916
9220000513930
9220000513947
9220000513954
9220000513961
9220000513978
9220000513985
9220000513992
9220000514005
9220000514012
9220000514029
9220000514036
9220000514043
9220000514067
9220000514074
9220000514081
9220000514098
9220000514111
9220000514128
9220000514135
9220000514142
9220000514159
9220000518836
9220000518843
9220000513251
9220000513268
9220000513275
9220000513282
9220000513299
9220000513305
9220000513312
9220000513329
9220000513336
9220000513343
9220000513350
9220000513367
9220000479564
9220000479571
9220000479588
9220000479595
9220000479601
9220000479618
9220000479625
9220000507687
9220000507694
9220000507700
9220000507717
9220000507724
9220000507731
9220000507755
9220000507762
9220000507779
9220000515385
9220000515392
9220000515408
9220000515415
9220000515422
9220000515439
9220000515446
9220000515453
9220000515460
9220000515477
9220000502255
9220000502262
9220000502279
9220000502286
9220000502293
9220000502309
9220000502316
9220000502323
9220000502330
9220000502347
9220000512124
9220000512131
9220000512148
9220000512155
9220000512162
9220000512179
9220000512186
9220000512193
9220000512209
9220000512216
9220000512223
9220000512230
9220000515255
9220000515262
9220000515293
9220000515309
9220000515316
9220000515323
9220000515330
9220000515347
9220000515354
9220000515361
9220000515125
9220000515132
9220000515149
9220000515156
9220000515163
9220000515170
9220000515187
9220000515194
9220000515217
9220000515231
9220000522628
9220000522635
9220000522642
9220000522673
9220000522680
9220000522703
9220000522734
9220000522758
9220000522765
9220000522772
9220000522802
9220000522819
9220000522833
9220000522864
9220000515491
9220000515507
9220000515538
9220000515545
9220000515552
9220000515569
9220000515576
9220000515583
9220000516085
9220000516092
9220000516108
9220000516139
9220000516153
9220000516160
9220000516177
9220000516184
9220000508080
9220000508097
9220000508103
9220000508110
9220000508127
9220000508134
9220000508141
9220000508158
9220000508165
9220000508172
9220000505447
9220000505454
9220000505461
9220000505485
9220000505492
9220000505508
9220000505515
9220000505522
9220000505539
9220000487972
9220000487989
9220000487996
9220000488009
9220000488016
9220000488023
9220000488030
9220000488047
9220000488054
9220000488061
9220000524011
9220000524028
9220000524035
9220000524042
9220000524059
9220000524066
9220000524073
9220000524080
9220000524097
9220000524103
9220000524110
9220000524127
9220000518522
9220000518539
9220000518546
9220000518553
9220000518560
9220000515866
9220000515873
9220000515880
9220000515897
9220000515903
9220000515910
9220000515927
9220000515934
9220000515941
9220000515958
9220000515965
9220000515972
9220000518584
9220000518591
9220000518607
9220000518621
9230000549419
9230000549426
9230000549433
9220000518645
9220000518652
9220000518669
9220000518676
9220000518683
9220000518706
9220000518713
9220000518737
9220000518744
9230000533791
9230000533807
9230000533814
9230000533821
9230000533838
9230000533845
9230000533852
9230000533869
9230000533876
9230000533883
9230000533890
9230000533906
9230000533913
9230000542380
9230000542397
9230000542410
9230000542427
9230000542434
9230000542441
9230000542458
9230000542465
9230000542472
9230000540881
9230000540904
9230000540911
9230000540928
9230000540935
9230000540942
9230000540959
9230000540966
9230000540973
9230000540980
9230000540997
9220000436833
9220000418181
9220000418198
9220000384608
9220000384615
9220000384622
9220000384639
9220000384646
9210000362454
9210000362461
9210000362478
9210000362485
9210000362492
9210000362508
9210000362515
9210000362522
9210000362539
9210000362546
9210000362553
9210000362560
9210000362577
9210000362584
9210000362591
9210000362607
9210000362614
9210000362621
9210000362638
9210000362645
9210000362652
9210000362669
9210000362676
9210000362683
9210000374594
9210000374631
9220000397431
9220000397448
9220000378096
9220000378102
9220000378119
9220000378126
9220000378133
9220000378140
9220000378157
9220000378164
9220000378171
9220000378188
9220000378195
9220000378201
9220000378218
9220000378225
9220000378232
9220000378249
9220000378256
9220000378317
9220000387944
9220000387975
9220000388194
9220000388224
9220000388262
9220000388293
9220000400513
9220000400537
9220000400551
9220000437984
9220000418860
9220000418884
9200000098606
9200000098613
9200000098620
9200000098781
9200000084272
9200000084289
9200000084296
9200000084302
9200000084319
9200000084333
9200000092154
9200000092178
9200000092185
9220000387258
9220000387265
9220000387272
9220000387289
9200000100323
9200000100408
9200000100415
9200000100507
9200000100514
9210000334352
9210000334369
9210000334376
9210000334383
9210000334390
9210000344610
9210000346775
9200000100811
9200000100828
9200000100835
9200000100927
9200000100972
9200000100989
9200000100996
9200000101009
9200000101122
9200000101139
9200000101214
9200000101221
9200000101238
9200000101252
9200000101269
9200000101283
9200000101290
9210000334222
9210000334239
9210000334246
9210000334253
9210000334260
9210000334277
9220000382352
9200000103249
9200000103263
9200000103522
9200000103539
9200000103546
9200000103553
9200000103560
9200000103577
9200000096824
9200000096855
9200000096992
9200000097005
9200000097012
9200000097029
9200000097036
9200000097043
9200000097050
9200000097074
9200000097081
9200000097098
9200000097104
9200000097111
9200000097128
9200000097135
9200000097142
9200000097159
9200000097555
9200000097579
9200000097586
9200000097609
9200000097753
9200000097777
9200000097784
9200000097791
9200000097807
9200000097975
9200000097982
9200000097999
9200000098002
9200000098040
9200000098057
9200000098071
9200000098088
9200000098095
9200000098101
9200000098118
9200000098125
9220000446436
9220000446443
9220000446467
9220000446474
9220000446481
9220000446504
9220000446511
9220000446528
9220000446535
9220000446542
9220000446559
9200000101412
9200000103355
9220000419584
9230000546173
9230000546180
9230000546197
9230000546203
9230000546210
9230000546227
9230000546234
9230000546241
9230000546258
9230000546265
9230000546272
9230000546289
9220000518430
9220000518447
9220000518454
9220000518478
9220000518492
9220000518508
9220000516214
9220000516221
9220000516245
9220000516283
9220000516290
9220000516306
9220000518348
9220000518355
9220000518362
9220000518386
9220000518393
9220000518409
9220000518416
9220000505706
9220000505713
9220000505744
9220000505751
9220000505768
9220000505775
9230000533524
9230000533579
9230000533586
9230000556493
9230000557360
9220810000903
9220810000910
9220810000927
9220810000934
9220810000941
9220810000958
9220810000965
9220810000972
9220810000989
9220810000996
9220820000009
9220820000023
9220820000030
9220820000047
9220820000054
9220820000061
9220820000078
9220820000085
9220820000108
9220820000115
9220820000122
9220820000177
9220820000184
9220820000191
9220820000207
9220820000214
9220820000221
9220820000238
9220820000245
9220820000252
9220820000269
9220820000276
9220820000283
9220820000290
9220820000450
9220000515613
9220000515637
9220000515644
9220000515651
9220000515668
9220000515675
9220000515705
9220000515712
9220000515736
9220000515774
9220000515781
9220000515798
9220000515804
9220000515835
9220000515842
9230000547330
9230000547347
9230000547354
9230000547361
9230000547378
9230000547385
9230000547392
9230000547408
9230000547415
9230000547422
9230000547439
9230000547446
9230000547453
9230000547460
9220000512018
9220000512001
9220000511998
9220000511981
9220000512278
9200000101900
9220820000313
9220820000320
9220820000337
9220820000344
9220820000351
9220820000368
9220820000375
9220820000399
9220820000382
9220820000443
9220820000412
9200000102686
9200000102693
9200000102709
9200000102716
9200000102723
9200000102730
9210000342593
9210000342609
9210000342616
9210000342623
9210000342630
9210000342647
9220000384660
9220000384677
9220000384684
9220000384691
9220000384707
9220000384714
9210000342524
9210000342531
9210000342548
9210000342555
9210000342562
9210000342579
9210000342401
9210000342418
9210000342425
9210000342432
9210000342449
9200000092482
9200000092499
9200000092505
9200000092512
9200000095858
9220000418020
9210000340964
9210000340988
9210000341015
9210000341053
9210000341114
9220000389061
9230000540799
9230000540812
9230000540829
9230000540836
9230000540843
9230000540850
9220820000429
9220820000436
9200000078769
9200000078806
9200000078813
9200000125814
9200000078790
9200000128594
9200000128600
9200000125869
9200000135301
9200000135318
9200000135325
9200000081998
9200000082001
9200000081967
9200000081974
9200000125883
9200000088744
9200000088775
9200000088782
9200000088799
9200000082063
9200000082070
9200000125951
9200000082094
9200000082100
9200000125968
9200000081851
9200000081868
9200000081882
9200000081905
9200000081912
9200000081929
9200000081936
9200000135332
9200000078844
9200000125975
9200000125982
9200000079001
9200000079018
9200000079193
9200000079209
9200000126118
9200000126132
9200000079162
9200000079179
9200000128563
9200000128587
9200000082124
9200000082186
9200000126248
9200000126262
9200000082117
9200000126309
9200000126323
9200000082438
9200000082445
9200000082452
9200000082469
9200000126408
9200000083381
9200000082247
9200000082254
9200000082308
9200000082322
9200000082261
9200000115464
9200000126651
9200000126682
9200000126712
9200000126743
9200000126750
9230000544292
9200000126781
9200000126828
9200000126842
9200000083831
9200000083848
9200000083855
9200000083862
9200000126996
9200000082490
9200000095520
9200000083800
9200000083817
9200000084791
9200000115747
9200000115754
9200000115778
9200000115884
9200000127139
9200000127153
9200000115952
9200000172337
9200000163595
9200000163601
9200000172283
9200000172290
9200000163564
9200000163571
9200000172252
9200000172559
9200000172566
9200000172580
9200000163915
9200000172610
9200000172627
9200000172719
9200000172641
9200000172658
9200000172665
9230000544315
9200000163731
9200000163748
9200000172733
9200000162376
9200000162383
9200000162338
9200000162345
9200000162352
9230000544353
9200000172801
